 32224 -#: 2
433gpio:  141 149 8538 -#: 3
433gpio:  184 9760 -#: 2
433gpio:  203 5707 -#: 2
433gpio:  177 3911 169 9827 -#: 4
433gpio:  205 108 137 93 160 9292 -#: 6
433gpio:  203 90 164 91 171 113 153 67 165 8783 -#: 10
433gpio:  228 71 179 85 179 100 181 73 168 88 156 108 150 87 158 101 158 91 156 76 164 86 180 73 169 87 160 87 171 80 188 67 191 88 159 90 156 88 200 4933 211 70 189 77 181 93 203 60 180 86 171 74 175 86 177 83 175 83 184 84 195 93 180 85 176 84 170 83 174 81 177 85 181 78 178 86 215 58 183 80 178 87 180 86 176 83 174 85 176 78 175 85 203 76 173 84 176 84 175 86 177 77 180 88 173 82 181 72 190 83 178 81 169 80 178 90 184 87 179 79 179 89 195 57 184 82 174 84 167 85 172 75 174 93 170 81 180 87 199 77 178 83 172 75 181 81 177 81 177 84 175 84 185 60 197 84 179 82 178 78 178 79 175 75 181 86 174 82 222 70 183 86 166 84 172 82 179 75 172 80 177 81 179 100 204 69 177 15766 -#: 188
433gpio:  215 70 208 71 223 70 195 59 199 60 207 59 289 23 204 61 203 59 212 58 199 59 208 61 208 57 227 48 245 58 205 56 212 56 379 300 49 229 49 299 218 57 228 47 221 47 226 47 228 47 237 55 430 48 210 69 232 47 518 275 304 24 301 48 207 59 224 58 208 60 217 55 221 47 215 71 301 22 212 56 224 55 219 47 225 69 236 47 223 74 271 49 208 47 226 58 277 231 49 212 57 219 74 309 48 211 56 206 57 214 56 210 58 224 71 222 73 264 48 219 58 224 56 217 56 216 56 215 59 205 59 284 23 221 59 215 56 228 47 214 58 212 56 222 58 256 48 208 59 210 57 220 56 216 56 216 58 208 57 235 22 235 56 215 56 209 59 215 56 211 59 204 58 208 85 253 59 209 58 205 73 218 59 207 71 206 68 212 73 239 22 199 75 199 68 205 60 200 68 219 68 197 58 219 61 202 59 209 58 216 102 208 68 194 71 206 70 220 57 219 70 177 72 194 74 192 72 204 75 194 76 198 58 211 56 197 76 196 68 194 79 205 56 194 74 196 71 200 57 211 71 190 83 188 76 184 76 186 79 189 74 196 69 205 59 189 77 185 73 190 79 185 75 185 73 195 69 219 58 230 69 184 78 186 77 192 68 197 69 188 74 185 80 212 60 186 79 186 78 181 79 186 80 180 78 184 87 203 57 211 71 184 80 186 84 179 98 225 68 178 78 179 74 213 57 188 80 181 79 179 83 186 77 186 80 176 76 203 70 218 70 187 77 180 79 182 77 180 85 184 79 184 76 216 57 181 79 185 84 186 80 178 78 180 74 183 71 191 74 212 77 182 82 183 84 175 80 187 75 186 80 179 78 202 71 183 77 185 79 186 81 190 67 180 80 174 83 174 95 186 59 174 8788 -#: 403
433gpio:  210 70 208 69 210 73 230 72 197 69 194 68 206 69 183 69 198 73 187 71 232 57 190 78 189 73 189 74 195 68 193 73 189 75 204 60 216 76 187 71 191 76 193 74 190 76 180 80 187 70 230 57 182 71 191 81 184 72 192 78 187 81 181 79 201 58 218 77 178 70 192 72 190 94 196 78 180 75 191 75 218 59 193 79 187 74 184 81 190 72 184 74 189 80 198 60 202 73 181 78 188 85 184 83 175 72 189 58 189 80 267 22 186 93 173 77 185 78 184 76 191 84 184 77 181 73 213 72 178 78 181 80 186 78 179 73 185 77 183 81 200 71 181 80 188 80 182 78 186 73 183 78 179 78 178 74 205 56 190 75 177 77 183 83 180 78 180 77 189 81 199 70 218 72 182 80 183 82 184 81 180 81 181 74 185 79 221 60 183 84 187 71 183 73 178 76 184 81 172 81 177 85 209 75 177 81 178 79 187 79 182 85 177 81 177 82 184 70 187 80 190 80 180 74 256 190 79 177 79 191 108 232 58 182 85 182 75 174 78 182 73 180 74 179 82 191 71 194 77 176 78 180 87 177 81 181 80 180 82 177 80 217 60 185 81 177 78 178 83 184 88 179 84 178 83 177 71 208 74 183 74 180 72 175 84 185 90 172 86 176 89 204 45 180 77 164 83 179 79 181 83 184 86 167 75 186 81 220 62 183 81 177 81 176 79 176 83 170 80 179 78 180 94 191 69 177 81 176 81 180 81 186 83 176 78 188 68 225 22 229 58 207 73 183 80 176 83 174 88 171 88 179 76 210 57 181 85 178 87 179 86 180 71 179 85 175 88 174 87 202 77 176 80 171 86 181 90 172 72 178 85 173 80 198 81 174 76 171 87 167 91 171 86 174 88 176 87 184 106 178 57 176 79 180 84 180 79 175 83 172 79 183 81 179 77 215 69 180 79 182 82 183 91 175 81 180 86 177 83 197 69 183 84 178 85 181 82 176 83 175 86 172 86 178 105 202 70 176 80 176 80 186 123 175 80 169 85 175 80 186 72 178 78 172 90 171 87 177 79 170 86 184 84 177 87 209 58 171 31828 -#: 479
433gpio:  297 23 235 48 231 70 220 57 218 57 228 69 272 188 271 58 205 59 223 60 207 61 209 70 277 23 209 55 203 59 211 58 214 56 210 69 203 59 207 62 227 56 200 69 204 58 202 58 200 74 199 73 201 57 260 48 205 69 201 60 206 68 197 68 207 68 199 70 204 49 224 59 206 68 200 60 211 69 193 69 212 73 209 83 242 57 197 69 200 58 196 68 200 69 206 71 195 58 241 48 206 70 198 72 205 68 206 58 206 69 198 68 214 49 213 88 186 70 198 70 205 71 199 73 199 71 200 73 239 49 198 72 193 69 197 72 200 70 202 74 195 58 249 47 206 69 194 69 203 69 195 58 193 72 193 68 197 71 226 69 194 68 208 69 194 69 201 68 199 68 207 59 257 203 78 196 69 193 74 205 59 205 68 202 58 215 58 213 58 193 72 191 75 192 68 201 72 196 74 199 73 218 48 192 72 196 69 195 74 194 68 197 68 193 72 204 57 223 69 193 73 204 72 193 71 194 74 193 76 192 71 276 57 196 76 207 75 190 69 193 74 188 70 193 77 227 58 191 73 188 69 193 70 199 69 194 76 194 74 209 57 214 74 182 78 189 82 191 80 181 77 186 76 181 83 215 60 181 82 179 81 180 77 181 75 190 71 185 81 181 92 230 89 178 71 197 71 186 69 185 80 184 78 181 79 218 49 191 80 179 75 183 78 188 79 187 75 182 78 191 86 214 72 187 83 181 85 182 80 182 75 185 75 187 78 209 70 186 83 175 87 178 82 181 84 180 84 185 83 177 94 216 74 188 75 185 78 191 84 191 85 179 84 184 87 223 48 201 57 211 58 214 58 186 80 177 78 187 78 196 58 214 81 179 76 192 80 179 82 180 82 183 81 177 80 218 59 185 80 178 77 188 71 191 75 180 73 179 76 186 99 213 72 177 74 185 80 179 77 181 77 176 72 190 84 173 59 203 83 177 91 174 79 174 91 167 81 184 78 173 80 220 61 189 83 175 79 184 75 182 84 184 80 182 85 180 73 216 75 182 85 172 86 182 86 177 78 186 81 177 77 231 57 160 85 178 84 175 86 193 78 179 83 178 84 178 95 211 86 176 78 183 81 179 79 176 85 183 87 169 79 195 83 192 80 178 76 178 81 175 83 175 81 178 86 174 74 197 69 182 85 171 81 173 81 177 84 172 82 178 83 174 76 220 80 178 81 182 89 172 77 184 83 176 86 172 74 212 70 178 81 174 82 178 73 185 72 180 81 178 79 183 98 176 59 179 80 174 87 175 84 177 91 176 84 178 84 172 84 210 84 172 84 173 81 186 83 179 78 176 85 173 87 256 23 177 84 170 79 178 79 180 85 177 79 182 80 169 100 179 59 186 95 174 85 180 75 179 82 180 83 169 72 194 72 201 82 176 77 175 82 172 88 182 79 179 82 176 81 201 74 181 88 175 88 175 77 183 91 164 88 176 84 176 102 214 14786 -#: 657
433gpio:  95 1113 343 421 485 628 1158 343 1141 366 392 1115 386 1158 1106 371 388 1121 373 1127 379 1144 366 1142 361 1133 1124 387 1119 393 1122 372 369 1143 370 1138 373 2259 368 1133 1125 398 1108 389 1117 384 363 1142 1137 379 1110 402 1105 402 351 1152 1124 388 1101 403 348 1149 360 1158 1107 396 351 1153 352 1157 350 1163 342 1153 354 1184 1076 410 1094 412 1091 423 334 1192 314 1182 330 2305 324 1165 1094 419 1083 419 1096 414 336 1177 1077 422 1084 424 1083 431 325 1191 1068 433 1072 428 326 1181 326 1178 1080 433 321 1177 329 1192 315 1186 317 1181 329 1180 1078 426 1078 438 1072 429 325 1177 337 1179 324 2309 320 1183 1074 431 1076 430 1075 444 318 1177 1075 431 1075 431 1076 432 321 1191 1069 452 1092 397 320 1187 319 1190 1069 444 311 1188 318 1186 321 1190 316 1187 320 1190 1068 437 1091 414 1071 433 321 1189 317 1198 2954 7130 -#: 188
433gpio:  440 1076 937 562 958 550 953 556 450 1072 943 562 956 557 947 560 447 1067 948 580 931 564 443 1072 440 1068 953 556 446 1067 442 1070 441 1077 435 1063 448 1084 930 572 940 563 947 564 445 1071 439 1070 2959 7127 -#: 50
433gpio:  441 1074 958 544 956 558 946 566 458 1063 948 552 947 597 914 575 432 1076 938 568 944 579 430 1074 434 1079 936 570 439 1074 439 1080 441 1055 443 1078 435 1074 941 564 947 560 950 570 444 1067 439 1072 2956 7130 -#: 50
433gpio:  439 1073 941 566 943 565 947 570 439 1088 925 570 941 571 939 576 433 1075 939 572 940 570 441 1092 416 1081 934 574 432 1084 428 1074 436 1071 455 1073 424 1071 943 566 946 577 934 569 439 1073 438 1096 2934 7130 -#: 50
433gpio:  438 1075 941 569 942 564 947 572 436 1075 939 568 942 577 945 564 436 1077 936 574 937 578 430 1077 434 1078 938 570 438 1081 430 1082 428 1082 429 1074 438 1075 938 571 948 567 937 568 441 1072 439 1188 302 2319 309 1197 1068 438 1063 446 1062 448 1059 448 1058 453 1054 446 1061 455 300 1199 1058 450 305 1206 1054 451 1053 455 1054 448 306 1209 322 1176 307 1205 1054 448 306 1208 1052 454 1053 451 1062 444 305 1210 296 1205 307 2334 297 1196 1064 501 1002 453 1056 444 1063 449 1059 456 1062 441 1054 450 305 1210 1050 454 300 1202 1058 470 1036 451 1058 451 303 1203 303 1229 279 1204 1054 452 304 1210 1048 461 1047 451 1056 456 298 1208 299 1206 306 2323 307 1200 1059 447 1059 450 1059 442 1064 455 1052 444 1064 458 1050 459 294 1204 1062 441 306 1199 1062 448 1059 454 1053 451 302 1207 301 1206 307 1196 1056 450 306 1200 1058 447 1073 442 1052 450 305 1212 295 1212 300 2322 309 1204 1053 454 1054 462 1052 444 1056 446 1060 452 1057 461 1046 452 316 1191 1053 451 305 1206 1054 462 1045 452 1054 454 303 1203 302 1208 304 1216 1038 447 311 1202 1054 459 1048 452 1055 452 302 1207 302 1217 2935 7150 -#: 250
433gpio:  420 1079 936 577 933 580 932 573 938 581 930 577 937 576 935 580 428 1092 923 582 425 1092 923 599 912 584 930 585 421 1092 419 1085 427 1083 932 582 425 1087 935 567 934 579 931 588 420 1088 424 1102 2954 7116 -#: 50
433gpio:  428 1087 928 580 935 581 931 581 930 582 930 579 930 587 926 583 426 1089 926 579 428 1084 933 583 928 581 931 584 423 1085 433 1091 415 1084 930 580 429 1091 923 588 925 586 925 585 424 1091 419 1093 2937 7143 -#: 50
433gpio:  428 1093 923 576 934 583 929 582 937 593 912 586 925 598 910 587 425 1087 927 580 450 1073 933 581 920 585 927 580 425 1103 411 1100 411 1088 935 585 414 1087 929 591 923 582 930 583 423 1109 402 1094 2940 7144 -#: 50
433gpio:  426 1082 936 591 917 584 929 578 933 590 922 595 918 585 928 579 429 1083 931 589 421 1089 925 580 941 584 927 594 406 1092 421 1086 424 1091 925 592 415 1088 929 587 936 591 909 587 421 1093 426 1188 295 2353 273 1216 1049 458 1047 455 1054 474 278 1211 1050 462 294 1207 300 1222 285 1209 1054 463 1039 459 1051 454 1054 461 293 1224 1049 443 301 1214 1044 457 297 1217 1053 450 295 1224 1043 454 1048 462 293 1209 297 1227 285 2332 298 1208 1059 442 1059 447 1060 455 300 1213 1047 472 294 1197 298 1204 313 1194 1056 450 1059 452 1054 464 1043 456 301 1208 1051 463 288 1224 1036 449 305 1204 1057 455 299 1203 1058 458 1055 450 302 1212 296 1209 304 2328 300 1203 1067 446 1059 471 1031 458 299 1204 1054 454 301 1217 289 1218 291 1214 1044 452 1055 461 1048 458 1050 455 300 1199 1061 446 311 1202 1056 450 304 1204 1056 454 301 1202 1059 446 1061 448 308 1199 307 1205 307 2324 306 1201 1061 448 1057 452 1062 442 308 1201 1057 458 297 1202 305 1206 301 1202 1063 441 1062 448 1071 441 1055 479 276 1199 1061 448 306 1210 1056 463 286 1201 1059 453 301 1204 1056 456 1051 447 309 1207 300 1215 2938 7138 -#: 250
433gpio:  433 1088 926 580 933 581 943 564 432 1086 937 573 438 1070 431 1080 434 1086 927 572 941 593 916 579 943 571 430 1079 937 581 427 1079 936 575 434 1076 938 582 426 1079 938 574 937 577 433 1080 430 1089 2950 7137 -#: 50
433gpio:  426 1090 932 573 932 576 937 575 435 1080 934 584 424 1081 434 1083 425 1082 933 588 924 576 937 590 920 583 426 1076 946 571 446 1062 960 555 431 1081 935 583 427 1081 932 575 945 574 428 1085 425 1087 2945 7144 -#: 50
433gpio:  428 1082 933 579 932 579 934 583 425 1077 938 583 426 1083 428 1077 435 1084 931 579 941 589 915 573 939 575 434 1081 934 578 431 1081 934 597 413 1081 933 594 415 1078 938 580 931 578 431 1092 420 1088 2944 7146 -#: 50
433gpio:  426 1077 936 576 938 580 932 576 431 1081 935 575 441 1071 435 1074 437 1075 940 581 931 575 938 574 938 578 429 1076 941 570 426 1159 90 757 610 425 1079 932 573 436 1097 917 575 939 570 437 1087 425 54507 -#: 49
433gpio:  316 2301 327 1182 1077 425 1083 437 1072 448 1067 427 1075 433 321 1185 323 1200 307 1181 325 1196 1061 432 1086 425 324 1186 1074 430 324 1184 1081 432 320 1189 1071 443 1066 433 322 1189 1073 456 1053 433 322 1185 322 1197 316 2318 312 1189 1072 436 1073 435 1074 435 1087 426 1076 436 313 1203 305 1195 312 1192 316 1204 1057 435 1074 449 309 1192 1067 450 304 1200 1062 445 311 1195 1066 446 1070 437 312 1196 1078 437 1060 444 312 1192 314 1206 308 2324 305 1195 1067 448 1062 444 1065 440 1070 444 1066 445 317 1192 308 1203 316 1193 303 1199 1063 441 1069 442 322 1192 1063 438 317 1194 1067 441 313 1196 1068 443 1066 451 306 1204 1058 447 1062 450 306 1201 306 1209 303 2333 300 1197 1065 446 1065 446 1062 451 1059 458 1052 449 306 1204 304 1196 313 1197 310 1195 1067 447 1061 449 308 1208 1061 438 323 1190 1059 446 310 1199 1063 453 1058 449 306 1201 1068 438 1066 445 309 1207 303 1203 2958 7139 -#: 202
433gpio:  435 1074 943 574 942 576 936 565 948 575 941 594 415 1080 432 1082 432 1075 442 1075 937 569 945 576 433 1077 941 574 434 1079 939 584 425 1080 937 584 931 574 433 1078 940 575 941 580 429 1083 442 1070 2958 7139 -#: 50
433gpio:  431 1078 939 579 934 577 937 583 932 575 939 581 428 1079 433 1083 428 1085 427 1082 936 571 943 577 432 1074 943 575 433 1099 918 575 435 1076 940 587 934 564 437 1084 934 577 946 564 435 1094 419 1088 2949 7133 -#: 50
433gpio:  453 1064 938 571 941 580 933 573 940 579 933 577 434 1084 428 1087 424 1090 423 1096 922 572 941 576 433 1074 943 571 438 1078 938 578 434 1077 937 592 921 581 428 1075 975 541 939 583 426 1082 432 1089 2946 7151 -#: 50
433gpio:  422 1076 940 577 935 576 945 568 939 580 934 578 430 1082 430 1089 425 1082 431 1087 929 580 934 585 427 1074 941 578 430 1081 937 581 428 1085 932 577 937 579 430 1097 920 576 938 579 430 1091 422 9181 -#: 48
433gpio:  309 2320 311 1204 1056 445 1064 450 1060 452 303 1199 1069 448 1055 453 1057 451 304 1200 1061 449 1060 451 302 1210 300 1197 1064 448 308 1197 308 1208 301 1201 307 1204 304 1200 1061 444 1066 448 1062 452 303 1205 312 1208 296 2341 290 1200 1061 456 1052 448 1062 453 302 1204 1058 451 1057 450 1060 448 309 1200 1060 447 1076 436 307 1201 306 1208 1053 449 307 1209 298 1215 296 1195 307 1205 303 1204 1058 456 1051 455 1053 450 306 1206 302 1207 305 2322 315 1207 1047 447 1064 448 1056 447 308 1199 1062 448 1061 453 1056 448 305 1211 1050 447 1062 449 306 1209 299 1212 1055 443 301 1212 298 1204 303 1208 298 1206 299 1211 1052 460 1047 447 1059 467 287 1209 299 1209 304 2332 297 1209 1055 448 1061 454 1055 450 323 1189 1051 451 1059 463 1052 447 318 1187 1056 459 1051 460 295 1207 301 1208 1052 450 312 1196 305 1213 292 1208 300 1205 303 1213 1047 447 1062 454 1054 454 301 1202 306 1214 2941 7137 -#: 202
433gpio:  436 1081 934 571 941 577 942 567 436 1080 936 574 939 578 934 595 414 1076 940 582 950 560 430 1088 424 1082 934 574 433 1084 429 1109 406 1087 424 1081 430 1083 934 585 928 583 931 575 433 1082 437 1095 2932 7152 -#: 50
433gpio:  416 1083 933 576 935 582 933 581 426 1080 936 580 939 586 927 573 435 1081 936 573 940 578 431 1081 459 1047 943 582 423 1085 429 1082 429 1097 416 1083 428 1087 929 578 934 584 929 579 449 1062 431 1093 2949 7133 -#: 50
433gpio:  430 1078 944 565 942 586 935 570 430 1085 931 582 932 574 937 576 440 1076 938 572 937 579 429 1080 434 1085 932 574 435 1080 432 1090 422 1072 440 1084 428 1082 934 577 939 569 948 566 437 1079 432 1082 2952 7137 -#: 50
433gpio:  436 1072 944 578 935 575 939 581 427 1081 936 590 923 584 929 583 426 1078 938 588 933 565 442 1076 426 1087 932 579 427 1075 436 1085 428 1076 442 1078 433 1084 932 574 938 578 936 583 426 1086 424 1196 297 2353 273 1203 1062 454 1053 449 1063 463 1052 444 1058 451 1055 457 1055 453 303 1209 1052 458 297 1213 1056 453 1050 458 1054 449 304 1207 302 1210 296 1203 1061 454 300 1207 1056 456 1053 463 1047 459 295 1210 298 1212 303 2328 302 1202 1061 477 1031 451 1060 459 1050 453 1064 466 1036 467 1042 455 302 1208 1056 450 306 1208 1053 453 1067 440 1059 455 300 1209 299 1207 301 1211 1051 468 287 1211 1052 453 1055 453 1059 470 284 1209 300 1209 304 2336 315 1186 1056 457 1052 453 1057 449 1059 454 1056 500 1011 451 1057 463 290 1210 1053 461 295 1204 1057 452 1063 444 1059 451 304 1205 302 1207 299 1216 1048 452 303 1208 1061 445 1057 458 1050 453 303 1205 302 1222 290 2324 314 1217 1038 449 1060 447 1060 449 1062 453 1057 455 1054 462 1045 454 304 1207 1054 452 306 1208 1051 456 1054 465 1051 448 299 1203 306 1208 302 1204 1055 454 299 1206 1058 449 1061 452 1056 453 323 1189 297 1211 2951 7143 -#: 250
433gpio:  425 1081 938 579 940 568 939 576 936 587 926 593 920 578 936 579 429 1092 932 577 425 1083 933 596 930 584 918 598 411 1084 427 1097 416 1082 935 585 425 1088 928 587 937 567 936 583 426 1091 426 1085 2943 7145 -#: 50
433gpio:  431 1083 933 583 929 579 936 575 938 590 924 579 934 581 935 577 430 1091 925 588 421 1099 924 581 927 585 927 586 425 1089 422 1087 440 1076 940 568 433 1084 927 593 921 584 928 590 419 1107 406 1089 2947 7151 -#: 50
433gpio:  423 1088 927 583 932 586 926 580 935 602 908 587 929 581 940 572 428 1092 925 583 427 1086 932 583 930 593 920 588 425 1080 430 1087 424 1083 934 578 430 1088 930 597 923 575 932 584 425 1086 427 1084 2951 7165 -#: 50
433gpio:  409 1078 937 582 929 580 943 576 931 574 939 578 945 568 936 585 424 1089 929 587 424 1087 928 583 929 578 936 578 431 1084 429 1087 426 1083 934 582 427 1082 934 578 935 584 930 579 431 1090 422 196362 -#: 48
433gpio:  25 47754 -#: 2
433gpio:  23934 -#: 1
433gpio:  49 12245 -#: 2
433gpio:  787 7409 -#: 2
433gpio:  3483 37 2521 625 561 597 874 1042 788 518 531 454 866 584 510 603 554 898 818 580 623 546 573 568 824 542 508 515 852 447 568 536 420 448 351 754 515 522 21 536 524 374 367 465 23 704 22 462 336 478 22 565 353 492 23 430 357 22 431 22 534 322 22 418 22 563 353 360 483 22 470 399 312 413 356 23 399 479 415 466 23 327 22 675 23 362 329 315 22 443 527 22 335 359 22 327 22 326 22 544 23 334 278 22 302 22 350 22 694 312 336 22 396 303 23 524 23 319 301 287 46 299 35 305 22 446 280 22 301 22 322 264 45 283 22 364 48 318 22 306 22 326 304 322 23 391 23 292 46 295 23 296 22 303 22 319 344 47 286 47 277 35 297 22 328 290 342 327 23 313 22 314 22 311 248 61 397 22 305 22 319 22 301 47 284 21 520 273 23 301 22 318 21 286 22 294 22 478 23 297 22 300 23 311 22 289 23 381 22 427 22 326 47 323 23 286 48 270 48 442 23 299 22 291 290 23 266 47 258 35 458 22 286 22 254 46 267 22 308 23 257 34 440 57 300 22 243 47 264 59 258 46 267 35 450 47 303 22 1158 22 421 22 266 46 268 47 380 23 311 22 252 62 328 46 308 47 367 23 293 21 250 46 291 297 47 234 56 251 46 264 47 243 46 239 47 461 57 267 47 253 50 274 48 241 56 285 22 393 48 240 47 259 46 244 47 232 46 253 47 465 47 248 47 246 56 256 56 258 56 236 58 370 240 55 315 22 267 48 242 46 225 55 229 72 322 47 232 46 231 56 239 56 255 55 227 55 337 237 47 249 55 247 55 241 56 230 56 234 56 346 23 227 47 251 56 251 55 244 55 254 55 267 270 56 244 50 234 55 235 77 218 46 235 54 333 231 55 229 89 245 48 222 47 232 55 237 58 324 48 232 58 245 58 219 57 234 58 232 57 249 49 275 55 230 66 220 56 228 54 236 56 224 54 252 23 256 56 229 55 229 55 234 65 228 60 243 57 317 209 55 225 47 217 57 231 56 222 66 238 57 300 23 233 57 212 56 224 55 222 65 228 57 224 57 290 46 216 56 214 68 218 57 220 65 221 58 204 64 273 48 214 57 220 64 216 55 220 64 219 58 220 57 2610 347 233 60 219 69 216 67 202 66 270 23 216 60 205 129 300 47 191 65 204 72 197 82 246 59 205 58 202 63 198 68 181 75 191 67 200 72 284 23 202 72 190 68 195 70 192 66 203 70 190 68 201 73 232 74 189 68 197 70 211 73 190 63 267 47 210 78 244 59 202 64 196 62 199 67 204 72 195 68 190 74 230 57 196 64 194 69 343 63 196 64 194 63 197 70 258 36 190 76 183 69 196 75 182 77 188 70 196 75 188 73 224 67 193 75 187 66 191 75 190 66 193 72 185 68 233 57 205 61 201 66 198 70 199 71 192 72 191 70 187 69 221 65 203 81 178 73 189 73 191 67 195 70 185 71 260 23 206 69 196 77 247 61 192 81 180 75 178 73 205 63 231 68 192 64 189 73 183 74 193 69 193 75 181 82 214 50 204 77 187 74 177 75 182 66 190 76 184 75 185 73 226 70 196 66 200 72 196 73 162 75 202 77 176 72 246 48 188 78 181 74 188 74 178 78 173 86 177 81 172 99 198 64 182 76 179 133 240 69 196 80 178 84 175 96 198 70 191 84 179 76 181 72 184 77 186 82 182 87 194 73 207 82 180 80 183 78 190 79 183 75 184 89 179 83 210 56 190 83 180 84 180 86 180 78 185 88 170 74 171 89 216 86 167 83 174 84 176 87 171 83 181 88 172 72 208 83 188 76 178 83 182 75 182 86 171 81 184 82 180 93 210 78 193 82 177 78 184 85 174 82 182 78 175 84 197 78 189 80 179 78 179 82 178 82 173 83 184 82 182 106 205 76 180 84 177 85 171 89 168 83 170 87 178 78 182 60 206 83 350 68 189 85 176 81 184 83 177 85 177 48 200 82 180 85 186 70 185 17534 -#: 892
433gpio:  3052